s 11.500000 -7.500000
ex 17.500000 -18.500000 res/level/mansion.txt
mu res/sound/music3.wav 1
ft 0 res/texture/snow.png
ft 1 res/texture/planks.png
f 0 11.500000 -6.500000
f 0 12.500000 -6.500000
f 0 13.500000 -6.500000
f 0 14.500000 -6.500000
f 0 15.500000 -6.500000
f 0 16.500000 -6.500000
f 0 17.500000 -6.500000
f 0 18.500000 -6.500000
f 0 19.500000 -6.500000
f 0 20.500000 -6.500000
f 0 20.500000 -15.500000
f 0 20.500000 -14.500000
f 0 20.500000 -13.500000
f 0 20.500000 -7.500000
f 0 19.500000 -7.500000
f 0 18.500000 -7.500000
f 0 17.500000 -7.500000
f 0 16.500000 -7.500000
f 0 15.500000 -7.500000
f 0 14.500000 -7.500000
f 0 13.500000 -7.500000
f 0 11.500000 -8.500000
f 0 12.500000 -8.500000
f 0 13.500000 -8.500000
f 0 14.500000 -8.500000
f 0 15.500000 -8.500000
f 0 16.500000 -8.500000
f 0 17.500000 -8.500000
f 0 18.500000 -8.500000
f 0 18.500000 -9.500000
f 0 17.500000 -9.500000
f 0 16.500000 -9.500000
f 0 15.500000 -9.500000
f 0 14.500000 -9.500000
f 0 13.500000 -9.500000
f 0 12.500000 -9.500000
f 0 11.500000 -9.500000
f 0 11.500000 -10.500000
f 0 12.500000 -10.500000
f 0 13.500000 -10.500000
f 0 14.500000 -10.500000
f 0 15.500000 -10.500000
f 0 18.500000 -10.500000
f 0 19.500000 -13.500000
f 0 19.500000 -14.500000
f 0 19.500000 -15.500000
f 0 18.500000 -16.500000
f 0 18.500000 -15.500000
f 0 18.500000 -14.500000
f 0 18.500000 -13.500000
f 0 18.500000 -12.500000
f 0 18.500000 -11.500000
f 0 11.500000 -11.500000
f 0 11.500000 -12.500000
f 0 11.500000 -13.500000
f 0 11.500000 -14.500000
f 0 11.500000 -15.500000
f 0 11.500000 -16.500000
f 0 12.500000 -16.500000
f 0 12.500000 -15.500000
f 0 12.500000 -14.500000
f 0 12.500000 -13.500000
f 0 13.500000 -13.500000
f 0 13.500000 -14.500000
f 0 13.500000 -15.500000
f 0 13.500000 -16.500000
f 0 14.500000 -13.500000
f 0 14.500000 -12.500000
f 0 14.500000 -11.500000
f 0 15.500000 -11.500000
f 0 15.500000 -12.500000
f 0 15.500000 -13.500000
f 0 16.500000 -13.500000
f 0 16.500000 -12.500000
f 0 17.500000 -12.500000
f 0 17.500000 -13.500000
f 1 12.500000 -7.500000
f 1 11.500000 -7.500000
f 1 19.500000 -19.500000
f 1 20.500000 -19.500000
f 1 19.500000 -18.500000
f 1 20.500000 -18.500000
f 1 19.500000 -16.500000
f 1 20.500000 -16.500000
f 1 20.500000 -17.500000
f 1 17.500000 -18.500000
f 1 17.500000 -19.500000
f 1 18.500000 -19.500000
f 1 14.500000 -14.500000
f 1 14.500000 -15.500000
f 1 15.500000 -15.500000
f 1 15.500000 -14.500000
f 1 16.500000 -10.500000
f 1 17.500000 -10.500000
f 1 17.500000 -11.500000
f 1 16.500000 -11.500000
f 1 12.500000 -12.500000
f 1 13.500000 -12.500000
f 1 13.500000 -11.500000
f 1 12.500000 -11.500000
f 1 20.500000 -8.500000
f 1 19.500000 -8.500000
f 1 19.500000 -9.500000
f 1 20.500000 -9.500000
f 1 20.500000 -10.500000
f 1 19.500000 -10.500000
f 1 19.500000 -11.500000
f 1 20.500000 -11.500000
f 1 16.500000 -14.500000
f 1 17.500000 -14.500000
f 1 17.500000 -15.500000
f 1 16.500000 -15.500000
f 0 19.500000 -12.500000
f 0 20.500000 -12.500000
w 11.000000 -7.000000 11.000000 -8.000000
w 11.000000 -8.000000 12.000000 -8.000000
w 11.000000 -7.000000 13.000000 -7.000000
w 13.000000 -7.000000 13.000000 -8.000000
w 13.500000 -11.000000 14.000000 -11.000000
w 14.000000 -11.000000 14.000000 -11.500000
w 14.000000 -12.500000 14.000000 -13.000000
w 14.000000 -13.000000 13.500000 -13.000000
w 12.500000 -13.000000 12.000000 -13.000000
w 12.000000 -13.000000 12.000000 -12.500000
w 12.000000 -11.500000 12.000000 -11.000000
w 12.000000 -11.000000 12.500000 -11.000000
w 18.000000 -11.500000 18.000000 -12.000000
w 18.000000 -12.000000 17.500000 -12.000000
w 16.500000 -12.000000 16.000000 -12.000000
w 16.000000 -12.000000 16.000000 -11.500000
w 16.000000 -10.500000 16.000000 -10.000000
w 16.000000 -10.000000 16.500000 -10.000000
w 20.500000 -8.000000 21.000000 -8.000000
w 21.000000 -8.000000 21.000000 -8.500000
w 21.000000 -11.500000 21.000000 -12.000000
w 21.000000 -12.000000 20.500000 -12.000000
w 19.500000 -12.000000 19.000000 -12.000000
w 19.000000 -12.000000 19.000000 -11.500000
w 19.500000 -8.000000 19.000000 -8.000000
w 19.000000 -8.000000 19.000000 -8.500000
w 19.000000 -9.500000 19.000000 -10.500000
w 17.500000 -10.000000 18.000000 -10.000000
w 18.000000 -10.000000 18.000000 -10.500000
w 14.500000 -14.000000 14.000000 -14.000000
w 14.000000 -14.000000 14.000000 -14.500000
w 14.000000 -15.500000 14.000000 -16.000000
w 14.000000 -16.000000 14.500000 -16.000000
w 18.000000 -14.000000 18.000000 -14.500000
w 18.000000 -15.500000 18.000000 -16.000000
w 18.000000 -16.000000 17.500000 -16.000000
w 19.500000 -16.000000 19.000000 -16.000000
w 20.500000 -16.000000 21.000000 -16.000000
w 21.000000 -16.000000 21.000000 -20.000000
w 21.000000 -20.000000 20.500000 -20.000000
w 17.500000 -20.000000 17.000000 -20.000000
w 17.000000 -20.000000 17.000000 -18.000000
w 18.000000 -18.000000 18.000000 -19.000000
w 18.000000 -19.000000 19.000000 -19.000000
w 20.000000 -18.000000 20.000000 -17.000000
w 20.000000 -17.000000 19.000000 -17.000000
w 19.000000 -17.000000 19.000000 -16.000000
w 15.500000 -14.000000 18.000000 -14.000000
w 18.000000 -16.000000 18.000000 -17.000000
m 12.500000 -11.500000 13.500000 -12.500000
m 16.500000 -11.500000 17.500000 -10.500000
m 19.500000 -8.000000 20.500000 -8.000000
m 21.000000 -8.500000 21.000000 -11.500000
m 20.500000 -12.000000 19.500000 -12.000000
m 18.000000 -10.000000 19.000000 -10.000000
m 21.000000 -8.000000 21.000000 -6.000000
m 21.000000 -6.000000 11.000000 -6.000000
m 11.000000 -6.000000 11.000000 -7.000000
m 20.000000 -18.000000 19.000000 -18.000000
m 19.000000 -18.000000 19.000000 -19.000000
m 18.000000 -18.000000 17.000000 -18.000000
m 17.500000 -20.000000 20.500000 -20.000000
m 14.500000 -16.000000 17.500000 -16.000000
m 14.000000 -14.500000 14.000000 -15.500000
m 18.000000 -17.000000 19.000000 -17.000000
m 11.000000 -8.000000 11.000000 -10.000000
m 14.000000 -13.000000 16.000000 -12.000000
m 16.000000 -10.000000 14.000000 -11.000000
m 14.000000 -11.000000 13.000000 -10.500000
m 13.000000 -10.500000 12.000000 -10.500000
m 12.000000 -10.500000 11.000000 -10.000000
m 18.000000 -11.500000 19.000000 -10.500000
m 16.000000 -12.000000 15.500000 -13.000000
m 15.500000 -13.000000 16.000000 -14.000000
m 18.000000 -14.000000 19.000000 -12.000000
m 18.500000 -13.000000 19.500000 -12.500000
m 19.500000 -12.500000 21.000000 -13.000000
m 21.000000 -13.000000 21.000000 -16.000000
m 12.000000 -10.500000 11.000000 -12.000000
m 11.000000 -12.000000 11.000000 -14.500000
m 11.000000 -14.500000 11.500000 -16.000000
m 11.500000 -16.000000 12.000000 -16.500000
m 12.000000 -16.500000 14.000000 -16.000000
e pentagon 17.000000 -11.000000 0.500000
e pentagon 13.000000 -12.000000 0.500000
e pentagon 20.000000 -9.000000 0.500000
e pentagon 20.000000 -11.000000 0.500000
e pentagon 17.000000 -15.000000 0.500000
e pentagon 14.500000 -9.500000 0.500000
e square 13.500000 -7.500000 0.500000
e triangle 20.500000 -18.500000 0.500000
e triangle 20.500000 -19.500000 0.500000
e triangle 19.500000 -19.500000 0.500000
e square 13.000000 -11.000000 0.500000
e square 17.000000 -13.000000 0.500000
e triangle 11.500000 -14.500000 0.500000
e triangle 12.500000 -15.500000 0.500000
