s 8.500000 -5.500000
ex 10.500000 -15.500000 res/level/blizzard.txt
mu res/sound/music2.wav 1
ft 0 res/texture/tile.png
f 0 7.500000 -5.500000
f 0 8.500000 -5.500000
f 0 8.500000 -4.500000
f 0 7.500000 -4.500000
f 0 9.500000 -4.500000
f 0 9.500000 -5.500000
f 0 9.500000 -6.500000
f 0 8.500000 -6.500000
f 0 7.500000 -6.500000
f 0 10.500000 -5.500000
f 0 11.500000 -5.500000
f 0 11.500000 -6.500000
f 0 11.500000 -7.500000
f 0 11.500000 -8.500000
f 0 12.500000 -8.500000
f 0 13.500000 -8.500000
f 0 14.500000 -8.500000
f 0 14.500000 -9.500000
f 0 13.500000 -9.500000
f 0 12.500000 -9.500000
f 0 11.500000 -9.500000
f 0 10.500000 -8.500000
f 0 9.500000 -8.500000
f 0 9.500000 -9.500000
f 0 10.500000 -9.500000
f 0 9.500000 -10.500000
f 0 10.500000 -10.500000
f 0 11.500000 -10.500000
f 0 12.500000 -10.500000
f 0 13.500000 -10.500000
f 0 14.500000 -10.500000
f 0 14.500000 -11.500000
f 0 13.500000 -11.500000
f 0 12.500000 -11.500000
f 0 11.500000 -11.500000
f 0 10.500000 -11.500000
f 0 9.500000 -11.500000
f 0 9.500000 -12.500000
f 0 10.500000 -12.500000
f 0 11.500000 -12.500000
f 0 12.500000 -12.500000
f 0 13.500000 -12.500000
f 0 14.500000 -12.500000
f 0 14.500000 -13.500000
f 0 13.500000 -13.500000
f 0 12.500000 -13.500000
f 0 11.500000 -13.500000
f 0 10.500000 -13.500000
f 0 9.500000 -13.500000
f 0 12.500000 -3.500000
f 0 12.500000 -4.500000
f 0 12.500000 -5.500000
f 0 12.500000 -6.500000
f 0 12.500000 -7.500000
f 0 11.500000 -3.500000
f 0 10.500000 -3.500000
f 0 9.500000 -3.500000
f 0 8.500000 -3.500000
f 0 7.500000 -3.500000
f 0 6.500000 -3.500000
f 0 6.500000 -4.500000
f 0 6.500000 -5.500000
f 0 6.500000 -6.500000
f 0 6.500000 -7.500000
f 0 6.500000 -8.500000
f 0 7.500000 -8.500000
f 0 8.500000 -8.500000
f 0 12.500000 -14.500000
f 0 12.500000 -15.500000
f 0 12.500000 -16.500000
f 0 11.500000 -16.500000
f 0 10.500000 -16.500000
f 0 10.500000 -15.500000
f 0 6.500000 -2.500000
f 0 5.500000 -2.500000
f 0 5.500000 -3.500000
w 7.000000 -7.000000 10.000000 -7.000000
w 7.000000 -4.000000 12.000000 -4.000000
w 7.000000 -4.000000 7.000000 -8.000000
w 7.000000 -8.000000 9.000000 -8.000000
w 9.000000 -9.000000 6.000000 -9.000000
w 13.000000 -3.000000 13.000000 -8.000000
w 12.000000 -4.000000 12.000000 -8.000000
w 11.000000 -8.000000 11.000000 -6.000000
w 11.000000 -6.000000 10.000000 -6.000000
w 10.000000 -6.000000 10.000000 -7.000000
w 10.000000 -4.000000 10.000000 -5.000000
w 10.000000 -5.000000 12.000000 -5.000000
w 11.000000 -15.000000 10.000000 -15.000000
w 10.000000 -15.000000 10.000000 -17.000000
w 11.000000 -16.000000 11.000000 -15.000000
w 10.000000 -17.000000 13.000000 -17.000000
w 13.000000 -17.000000 13.000000 -14.000000
w 12.000000 -14.000000 12.000000 -16.000000
w 12.000000 -16.000000 11.000000 -16.000000
w 7.000000 -3.000000 13.000000 -3.000000
w 6.000000 -4.000000 6.000000 -9.000000
m 13.000000 -14.000000 15.000000 -14.000000
m 15.000000 -14.000000 15.000000 -8.000000
m 15.000000 -8.000000 13.000000 -8.000000
m 11.000000 -8.000000 9.000000 -8.000000
m 9.000000 -9.000000 9.000000 -14.000000
m 9.000000 -14.000000 12.000000 -14.000000
m 12.000000 -8.000000 13.000000 -9.000000
m 13.000000 -9.000000 14.000000 -9.000000
m 14.000000 -9.000000 13.000000 -10.000000
m 15.000000 -9.000000 14.000000 -10.000000
m 14.000000 -10.000000 14.000000 -11.000000
m 14.000000 -11.000000 13.000000 -12.000000
m 13.000000 -10.000000 12.000000 -9.000000
m 11.000000 -8.000000 10.000000 -9.000000
m 12.000000 -10.000000 13.000000 -11.000000
m 12.000000 -10.000000 12.000000 -11.000000
m 12.000000 -11.000000 11.000000 -12.000000
m 11.000000 -12.000000 12.000000 -12.000000
m 12.000000 -14.000000 13.000000 -13.000000
m 13.000000 -13.000000 14.000000 -13.000000
m 14.000000 -13.000000 14.000000 -12.000000
m 12.000000 -12.000000 11.000000 -13.000000
m 11.000000 -13.000000 10.000000 -13.000000
m 9.000000 -13.000000 10.000000 -12.000000
m 10.000000 -12.000000 10.000000 -11.000000
m 10.000000 -10.000000 9.000000 -10.000000
m 11.000000 -9.000000 11.000000 -12.000000
m 13.000000 -12.000000 13.000000 -11.000000
m 7.000000 -3.000000 7.000000 -2.000000
m 7.000000 -2.000000 5.000000 -2.000000
m 5.000000 -2.000000 5.000000 -4.000000
m 5.000000 -4.000000 6.000000 -4.000000
e triangle 12.500000 -16.500000 0.500000
e triangle 6.500000 -2.500000 0.500000
e triangle 5.500000 -3.500000 0.500000
e square 14.500000 -8.500000 0.500000
e square 14.500000 -10.500000 0.500000
e square 12.500000 -11.500000 0.500000
e square 9.500000 -11.500000 0.500000
e square 12.500000 -3.500000 0.500000
e square 6.500000 -8.500000 0.500000
e square 11.500000 -10.500000 0.500000
e square 10.500000 -12.500000 0.500000
