s 8.000000 -5.000000
ex 21.000000 -5.000000 res/level/gallery.txt
mu res/sound/music1.wav 1
ft 0 res/texture/concrete.png
ft 1 res/texture/warning.png
ft 2 res/texture/metal.png
f 0 12.500000 -10.500000
f 0 13.500000 -10.500000
f 0 14.500000 -10.500000
f 0 15.500000 -10.500000
f 0 16.500000 -10.500000
f 0 17.500000 -10.500000
f 0 17.500000 -9.500000
f 0 17.500000 -8.500000
f 0 17.500000 -7.500000
f 0 17.500000 -6.500000
f 0 17.500000 -5.500000
f 0 16.500000 -5.500000
f 0 15.500000 -5.500000
f 0 14.500000 -5.500000
f 0 13.500000 -5.500000
f 0 12.500000 -5.500000
f 0 12.500000 -6.500000
f 0 12.500000 -7.500000
f 0 12.500000 -8.500000
f 0 12.500000 -9.500000
f 0 18.500000 -7.500000
f 0 18.500000 -8.500000
f 0 18.500000 -9.500000
f 0 18.500000 -10.500000
f 0 18.500000 -11.500000
f 0 17.500000 -11.500000
f 0 16.500000 -11.500000
f 0 15.500000 -11.500000
f 0 14.500000 -11.500000
f 0 13.500000 -11.500000
f 0 12.500000 -11.500000
f 0 11.500000 -11.500000
f 0 11.500000 -10.500000
f 0 11.500000 -9.500000
f 0 11.500000 -8.500000
f 0 11.500000 -7.500000
f 0 11.500000 -6.500000
f 0 11.500000 -5.500000
f 0 11.500000 -4.500000
f 0 12.500000 -4.500000
f 0 13.500000 -4.500000
f 0 14.500000 -4.500000
f 0 15.500000 -4.500000
f 0 16.500000 -4.500000
f 0 17.500000 -4.500000
f 0 18.500000 -4.500000
f 0 18.500000 -5.500000
f 0 18.500000 -6.500000
f 0 9.500000 -4.500000
f 0 8.500000 -4.500000
f 0 7.500000 -4.500000
f 0 7.500000 -5.500000
f 0 8.500000 -5.500000
f 0 9.500000 -5.500000
f 1 10.500000 -4.500000
f 1 10.500000 -5.500000
f 1 19.500000 -10.500000
f 1 19.500000 -11.500000
f 1 10.500000 -10.500000
f 1 10.500000 -11.500000
f 2 7.500000 -11.500000
f 2 8.500000 -11.500000
f 2 9.500000 -11.500000
f 2 9.500000 -10.500000
f 2 9.500000 -9.500000
f 2 9.500000 -8.500000
f 2 9.500000 -7.500000
f 2 8.500000 -7.500000
f 2 7.500000 -7.500000
f 2 7.500000 -8.500000
f 2 8.500000 -8.500000
f 2 8.500000 -9.500000
f 2 7.500000 -9.500000
f 2 7.500000 -10.500000
f 2 8.500000 -10.500000
f 2 21.500000 -4.500000
f 2 20.500000 -4.500000
f 2 20.500000 -5.500000
f 2 21.500000 -5.500000
f 2 21.500000 -6.500000
f 2 20.500000 -6.500000
f 2 20.500000 -7.500000
f 2 21.500000 -7.500000
f 2 21.500000 -8.500000
f 2 20.500000 -8.500000
f 2 20.500000 -9.500000
f 2 21.500000 -9.500000
f 2 21.500000 -10.500000
f 2 20.500000 -10.500000
f 2 20.500000 -11.500000
f 2 21.500000 -11.500000
f 2 13.500000 -6.500000
f 2 14.500000 -6.500000
f 2 15.500000 -6.500000
f 2 16.500000 -6.500000
f 2 16.500000 -7.500000
f 2 16.500000 -8.500000
f 2 16.500000 -9.500000
f 2 15.500000 -9.500000
f 2 15.500000 -8.500000
f 2 15.500000 -7.500000
f 2 14.500000 -7.500000
f 2 14.500000 -8.500000
f 2 14.500000 -9.500000
f 2 13.500000 -9.500000
f 2 13.500000 -8.500000
f 2 13.500000 -7.500000
w 7.000000 -4.000000 7.000000 -6.000000
w 7.000000 -6.000000 11.000000 -6.000000
w 11.000000 -10.000000 10.000000 -10.000000
w 10.000000 -10.000000 10.000000 -7.000000
w 7.000000 -7.000000 7.000000 -12.000000
w 7.000000 -12.000000 22.000000 -12.000000
w 20.000000 -10.000000 19.000000 -10.000000
w 19.000000 -10.000000 19.000000 -4.000000
w 19.000000 -4.000000 7.000000 -4.000000
w 13.000000 -10.000000 17.000000 -10.000000
w 17.000000 -6.000000 13.000000 -6.000000
w 22.000000 -4.000000 22.000000 -6.000000
w 20.000000 -4.000000 20.000000 -8.000000
w 22.000000 -8.000000 22.000000 -12.000000
w 16.500000 -7.000000 17.000000 -7.000000
w 17.000000 -7.000000 17.000000 -6.000000
w 16.500000 -9.000000 17.000000 -9.000000
w 17.000000 -9.000000 17.000000 -10.000000
m 13.000000 -6.000000 13.000000 -10.000000
m 11.000000 -6.000000 11.000000 -10.000000
m 20.000000 -4.000000 22.000000 -4.000000
m 7.000000 -7.000000 10.000000 -7.000000
m 22.000000 -6.000000 22.000000 -8.000000
m 20.000000 -8.000000 20.000000 -10.000000
m 16.000000 -6.000000 15.000000 -8.000000
m 15.000000 -8.000000 14.500000 -7.000000
m 14.500000 -7.000000 15.000000 -6.000000
m 14.000000 -6.000000 13.000000 -8.000000
m 14.000000 -8.000000 14.500000 -9.000000
m 14.000000 -8.000000 13.000000 -10.000000
m 13.500000 -9.000000 14.000000 -10.000000
m 16.000000 -6.000000 16.500000 -7.000000
m 16.000000 -8.000000 15.000000 -10.000000
m 16.000000 -8.000000 16.500000 -9.000000
e triangle 8.000000 -8.000000 0.500000
e triangle 9.000000 -8.000000 0.500000
e triangle 15.000000 -5.000000 0.500000
e triangle 12.000000 -8.000000 0.500000
e triangle 18.000000 -8.000000 0.500000
e triangle 15.000000 -11.000000 0.500000
e triangle 21.000000 -11.000000 0.500000
e triangle 21.000000 -7.000000 0.500000
e triangle 14.500000 -6.500000 0.500000
e triangle 14.500000 -9.500000 0.500000
