s 15.500000 -16.000000
ex 14.000000 -4.000000 res/level/garden.txt
mu res/sound/music4.wav 1
ft 0 res/texture/carpet.png
ft 1 res/texture/planks.png
ft 2 res/texture/snow.png
ft 3 res/texture/tile.png
f 0 9.500000 -7.500000
f 0 10.500000 -7.500000
f 0 11.500000 -7.500000
f 0 12.500000 -7.500000
f 0 13.500000 -7.500000
f 0 14.500000 -7.500000
f 0 15.500000 -7.500000
f 0 16.500000 -7.500000
f 0 17.500000 -7.500000
f 0 18.500000 -7.500000
f 0 18.500000 -8.500000
f 0 18.500000 -9.500000
f 0 18.500000 -10.500000
f 0 18.500000 -11.500000
f 0 18.500000 -12.500000
f 0 18.500000 -13.500000
f 1 17.500000 -12.500000
f 1 16.500000 -12.500000
f 1 16.500000 -13.500000
f 1 15.500000 -13.500000
f 1 14.500000 -13.500000
f 1 14.500000 -12.500000
f 1 14.500000 -11.500000
f 1 15.500000 -11.500000
f 1 16.500000 -11.500000
f 1 15.500000 -12.500000
f 1 15.500000 -14.500000
f 2 14.500000 -15.500000
f 2 15.500000 -15.500000
f 2 16.500000 -15.500000
f 2 17.500000 -15.500000
f 2 18.500000 -15.500000
f 2 13.500000 -15.500000
f 2 12.500000 -15.500000
f 2 12.500000 -16.500000
f 2 12.500000 -17.500000
f 2 12.500000 -18.500000
f 2 12.500000 -19.500000
f 2 13.500000 -19.500000
f 2 14.500000 -19.500000
f 2 15.500000 -19.500000
f 2 16.500000 -19.500000
f 2 17.500000 -19.500000
f 2 18.500000 -19.500000
f 2 18.500000 -18.500000
f 2 18.500000 -17.500000
f 2 18.500000 -16.500000
f 2 17.500000 -16.500000
f 2 16.500000 -16.500000
f 2 15.500000 -16.500000
f 2 14.500000 -16.500000
f 2 13.500000 -16.500000
f 2 13.500000 -17.500000
f 2 13.500000 -18.500000
f 2 14.500000 -18.500000
f 2 14.500000 -17.500000
f 2 15.500000 -17.500000
f 2 15.500000 -18.500000
f 2 16.500000 -18.500000
f 2 16.500000 -17.500000
f 2 17.500000 -17.500000
f 2 17.500000 -18.500000
f 0 16.500000 -9.500000
f 0 15.500000 -9.500000
f 0 14.500000 -9.500000
f 0 13.500000 -9.500000
f 0 12.500000 -9.500000
f 0 11.500000 -9.500000
f 0 10.500000 -9.500000
f 0 9.500000 -9.500000
f 0 8.500000 -9.500000
f 0 8.500000 -10.500000
f 0 8.500000 -11.500000
f 0 8.500000 -12.500000
f 1 10.500000 -11.500000
f 1 11.500000 -11.500000
f 1 12.500000 -11.500000
f 1 12.500000 -12.500000
f 1 12.500000 -13.500000
f 1 11.500000 -13.500000
f 1 10.500000 -13.500000
f 1 10.500000 -12.500000
f 1 11.500000 -12.500000
f 1 13.500000 -12.500000
f 1 9.500000 -12.500000
f 0 8.500000 -13.500000
f 1 5.500000 -11.500000
f 1 6.500000 -11.500000
f 1 5.500000 -12.500000
f 1 6.500000 -12.500000
f 1 7.500000 -12.500000
f 1 7.500000 -9.500000
f 1 7.500000 -8.500000
f 1 7.500000 -7.500000
f 1 6.500000 -7.500000
f 1 6.500000 -8.500000
f 1 10.500000 -6.500000
f 1 10.500000 -5.500000
f 1 9.500000 -5.500000
f 1 9.500000 -4.500000
f 1 9.500000 -3.500000
f 1 10.500000 -3.500000
f 1 11.500000 -3.500000
f 1 11.500000 -4.500000
f 1 11.500000 -5.500000
f 1 10.500000 -4.500000
f 1 6.500000 -6.500000
f 2 6.500000 -5.500000
f 2 5.500000 -5.500000
f 2 5.500000 -4.500000
f 2 5.500000 -3.500000
f 2 6.500000 -3.500000
f 2 7.500000 -3.500000
f 2 7.500000 -4.500000
f 2 7.500000 -5.500000
f 2 6.500000 -4.500000
f 1 8.500000 -4.500000
f 0 17.500000 -8.500000
f 0 17.500000 -6.500000
f 0 17.500000 -5.500000
f 0 16.500000 -5.500000
f 0 15.500000 -5.500000
f 3 14.500000 -5.500000
f 3 13.500000 -5.500000
f 3 13.500000 -4.500000
f 3 14.500000 -4.500000
f 3 14.500000 -3.500000
f 3 13.500000 -3.500000
f 0 17.500000 -4.500000
f 1 15.500000 -10.500000
w 6.000000 -3.000000 7.000000 -3.000000
w 5.000000 -4.000000 5.000000 -5.000000
w 6.000000 -6.000000 6.000000 -9.000000
w 6.000000 -9.000000 7.000000 -9.000000
w 7.000000 -9.000000 7.000000 -10.000000
w 7.000000 -6.000000 7.000000 -7.000000
w 7.000000 -7.000000 8.000000 -7.000000
w 8.000000 -7.000000 8.000000 -9.000000
w 8.000000 -9.000000 17.000000 -9.000000
w 9.000000 -10.000000 9.000000 -12.000000
w 13.000000 -12.000000 14.000000 -12.000000
w 17.000000 -12.000000 18.000000 -12.000000
w 9.000000 -7.000000 10.000000 -7.000000
w 10.000000 -7.000000 10.000000 -6.000000
w 11.000000 -6.000000 11.000000 -7.000000
w 7.000000 -10.000000 8.000000 -10.000000
w 8.000000 -10.000000 8.000000 -12.000000
w 8.000000 -13.000000 8.000000 -14.000000
w 9.000000 -14.000000 9.000000 -13.000000
w 9.000000 -13.000000 10.000000 -13.000000
w 13.000000 -13.000000 14.000000 -13.000000
w 15.000000 -14.000000 15.000000 -15.000000
w 17.000000 -13.000000 18.000000 -13.000000
w 18.000000 -14.000000 18.000000 -13.000000
w 16.000000 -15.000000 16.000000 -14.000000
w 16.000000 -15.000000 19.000000 -15.000000
w 9.000000 -12.000000 10.000000 -12.000000
w 12.000000 -15.000000 15.000000 -15.000000
w 8.000000 -4.000000 9.000000 -4.000000
w 8.000000 -5.000000 9.000000 -5.000000
w 6.000000 -13.000000 8.000000 -13.000000
w 8.000000 -12.000000 7.000000 -12.000000
w 6.000000 -11.000000 5.000000 -11.000000
w 5.000000 -11.000000 5.000000 -12.000000
w 9.000000 -8.000000 17.000000 -8.000000
w 18.000000 -12.000000 18.000000 -9.000000
w 17.000000 -8.000000 18.000000 -9.000000
w 11.000000 -7.000000 17.000000 -7.000000
w 15.000000 -6.000000 17.000000 -6.000000
w 15.000000 -5.000000 17.000000 -5.000000
w 17.000000 -6.000000 17.000000 -7.000000
w 17.000000 -5.000000 17.000000 -4.000000
w 18.000000 -4.000000 18.000000 -7.000000
w 15.000000 -10.000000 15.000000 -11.000000
w 16.000000 -11.000000 16.000000 -10.000000
w 16.000000 -10.000000 17.000000 -10.000000
w 9.000000 -10.000000 15.000000 -10.000000
w 19.000000 -14.000000 19.000000 -8.000000
w 19.000000 -8.000000 18.000000 -7.000000
m 19.000000 -15.000000 19.000000 -20.000000
m 19.000000 -20.000000 12.000000 -20.000000
m 12.000000 -20.000000 12.000000 -15.000000
m 18.000000 -14.000000 19.000000 -14.000000
m 9.000000 -7.000000 9.000000 -8.000000
m 17.000000 -9.000000 17.000000 -10.000000
m 8.000000 -14.000000 9.000000 -14.000000
m 7.000000 -3.000000 8.000000 -3.000000
m 8.000000 -3.000000 8.000000 -4.000000
m 8.000000 -5.000000 8.000000 -6.000000
m 8.000000 -6.000000 7.000000 -6.000000
m 5.000000 -5.000000 5.000000 -6.000000
m 5.000000 -6.000000 6.000000 -6.000000
m 5.000000 -4.000000 5.000000 -3.000000
m 5.000000 -3.000000 6.000000 -3.000000
m 10.000000 -12.000000 11.500000 -11.000000
m 11.500000 -11.000000 13.000000 -12.000000
m 10.000000 -13.000000 11.500000 -14.000000
m 11.500000 -14.000000 13.000000 -13.000000
m 9.000000 -5.000000 10.000000 -6.000000
m 11.000000 -6.000000 12.000000 -5.000000
m 12.000000 -5.000000 12.000000 -4.000000
m 12.000000 -4.000000 11.000000 -3.000000
m 11.000000 -3.000000 10.000000 -3.000000
m 10.000000 -3.000000 9.000000 -4.000000
m 6.000000 -11.000000 7.000000 -12.000000
m 5.000000 -12.000000 6.000000 -13.000000
m 16.000000 -11.000000 17.000000 -12.000000
m 17.000000 -13.000000 16.000000 -14.000000
m 15.000000 -14.000000 14.000000 -13.000000
m 15.000000 -11.000000 14.000000 -12.000000
m 15.000000 -5.000000 15.000000 -3.000000
m 15.000000 -3.000000 13.000000 -3.000000
m 13.000000 -3.000000 13.000000 -6.000000
m 13.000000 -6.000000 15.000000 -6.000000
m 17.000000 -4.000000 18.000000 -4.000000
m 14.500000 -11.500000 16.500000 -13.500000
e hexagon 10.500000 -4.500000 0.500000
e hexagon 14.000000 -4.000000 0.500000
e square 16.500000 -9.500000 0.500000
e square 9.500000 -7.500000 0.500000
e square 18.500000 -13.500000 0.500000
e square 8.500000 -13.500000 0.500000
e pentagon 11.500000 -12.500000 0.500000
e pentagon 6.500000 -4.500000 0.500000
e triangle 7.500000 -7.500000 0.500000
e triangle 6.500000 -8.500000 0.500000
e triangle 5.500000 -11.500000 0.500000
e triangle 17.500000 -4.500000 0.500000
e triangle 13.500000 -17.500000 0.500000
e triangle 15.500000 -18.500000 0.500000
e triangle 17.500000 -17.500000 0.500000
e pentagon 15.500000 -13.000000 0.500000
