s 0.5 -0.5
ft 0 res/texture/tile.png
ft 1 res/texture/grass.png
f 0 0.500000 -0.500000
f 0 1.500000 -0.500000
f 0 2.500000 -0.500000
f 0 2.500000 -1.500000
f 0 2.500000 -2.500000
f 0 3.500000 -2.500000
f 0 4.500000 -2.500000
f 0 4.500000 -1.500000
f 0 4.500000 -0.500000
f 0 5.500000 -0.500000
f 0 6.500000 -0.500000
f 0 6.500000 -1.500000
f 0 6.500000 -2.500000
f 0 6.500000 -3.500000
f 1 8.500000 -4.000000
f 1 9.500000 -4.000000
f 1 10.500000 -4.000000
f 1 11.500000 -4.000000
f 1 12.500000 -4.000000
f 1 13.500000 -4.000000
f 1 14.500000 -4.000000
f 1 14.500000 -5.000000
f 1 14.500000 -6.000000
f 1 14.500000 -7.000000
f 1 14.500000 -8.000000
f 1 13.500000 -8.000000
f 1 12.500000 -8.000000
f 1 11.500000 -8.000000
f 1 10.500000 -8.000000
f 1 9.500000 -8.000000
f 1 8.500000 -8.000000
f 1 8.500000 -7.000000
f 1 8.500000 -6.000000
f 1 8.500000 -5.000000
f 1 9.500000 -5.000000
f 1 10.500000 -5.000000
f 1 11.500000 -5.000000
f 1 12.500000 -5.000000
f 1 13.500000 -5.000000
f 1 13.500000 -6.000000
f 1 13.500000 -7.000000
f 1 12.500000 -7.000000
f 1 12.500000 -6.000000
f 1 11.500000 -6.000000
f 1 11.500000 -7.000000
f 1 10.500000 -7.000000
f 1 10.500000 -6.000000
f 1 9.500000 -6.000000
f 1 9.500000 -7.000000
w 0.000000 0.000000 3.000000 0.000000
w 3.000000 0.000000 3.000000 -2.000000
w 3.000000 -2.000000 4.000000 -2.000000
w 4.000000 -2.000000 4.000000 0.000000
w 7.000000 0.000000 7.000000 -4.000000
w 0.000000 0.000000 0.000000 -1.000000
w 0.000000 -1.000000 2.000000 -1.000000
w 2.000000 -1.000000 2.000000 -3.000000
w 2.000000 -3.000000 5.000000 -3.000000
w 5.000000 -3.000000 5.000000 -1.000000
w 5.000000 -1.000000 6.000000 -1.000000
w 6.000000 -1.000000 6.000000 -4.000000
m 4.000000 0.000000 7.000000 0.000000
e triangle 10.500000 -6.500000 0.500000
e triangle 11.500000 -6.500000 0.500000
e triangle 12.500000 -6.500000 0.500000
e triangle 13.500000 -6.500000 0.500000
e triangle 14.500000 -6.500000 0.500000
e triangle 15.500000 -6.500000 0.500000
e octagon 10.000000 -5.000000 0.500000
e octagon 10.500000 -5.000000 0.500000
e octagon 11.500000 -5.000000 0.500000
e octagon 12.000000 -5.000000 0.500000
e square 10.500000 -8.000000 0.500000
e square 12.000000 -8.000000 0.500000
e square 12.000000 -8.000000 0.500000
e square 13.500000 -8.000000 0.500000
e hexagon 8.500000 -6.000000 0.500000
e hexagon 8.500000 -6.500000 0.500000
e hexagon 8.500000 -7.500000 0.500000
e pentagon 12.500000 -4.000000 0.500000
e pentagon 13.500000 -5.000000 0.500000
e pentagon 14.000000 -4.500000 0.500000
